aaaaaa 385806251 2676455475 1215605160 3219923232 
aaaaab 2285818432 281500360 3115617341 824968117 
aaaaac 4185892068 2181573996 720723681 2725041753 
aaaaad 1791002505 4081651729 2620801414 330152190 
aaaaae 3691076141 1686758069 225907754 2230225826 
aaaaaf 1296186578 3586835802 2125985487 4130303559 
aaaaag 3196260213 1191942141 4026059122 1735409898 
aaaaah 801370650 3092019874 1631169559 3635487631 
aaaaai 2701444286 697126214 3531243195 1240593971 
aaaaaj 306554724 2597203948 1136353633 3140671705 
